# id	file_path	transparent_color_r	g	b
[TEXTURES]
0	Map\\tileset_map4.png	255	255	255
1	textures\\brick_2.png	255	0	255
2	textures\\simon\\simon.png	255	255	255
5	textures\\simon\\whip.png	255	0	255
6	textures\\items\\dagger.png	255	255	255
7	textures\\items\\large_heart.png	255	255	255
8	textures\\items\\whip_powerup.png	255	255	255
# map
[MAPTXT]
0	Map\\txt_map4.txt
# id	left	top	right	bottom	texture_id
[SPRITES]
## Simon
# walk
10001	180	0	240	66	2
10002	0	0	60	66	2
10003	60	0	120	66	2
10004	120	0	180	66	2
# walk - color--------------
11001	180	396	240	462	2
11002	0	396	60	462	2
11003	60	396	120	462	2
11004	120	396	180	462	2
#Jump
10011	240	7	300	55	2
#Jump - color--------------
11011	240	403	300	451	2
#Sit
10021	240	7	300	55	2
#Sit - color---------------
11021	240	403	300	451	2
#hit-stand
10031	300	66	360	132	2
10032	360	66	420	132	2	
10033	420	66	480	132	2
#hit-stand-color-----------
11031	300	462	360	528	2
11032	360	462	420	528	2	
11033	420	462	480	528	2
#hit-sit
10041	300	7	360	55	2	
10042	360	7	420	55	2	
10043	420	7	480	55	2
#hit-sit - color ----------
11041	300	403	360	451	2	
11042	360	403	420	451	2	
11043	420	403	480	451	2
#eat-item
10051	0	330	60	396	2	
10052	60	330	120	396	2	
10053	120	330	180	396	2
#up
10061	60	66	120	132	2
10062	120	66	180	132	2
#up - color---------------
11061	60	396	120	462	2
11062	120	396	180	462	2
#down
10071	180	66	240	132	2
10072	240	66	300	132	2
#down - color--------------
11071	180	396	240	462	2
11072	240	396	300	462	2
#hurt
10081	0	132	60	189	2
#hurt - color-------------
11081	0	132	60	189	2
#die
10091	0	198	60	66	2
10092	60	198	120	66	2
#QUESTION BRICK
20001	0	0	32	32	1
## Whip right
# lv1
50001	585	0	555	64	5
50002	345	0	314	50	5
50003	102	0	189	32	5
50013	189	0	75	32	5
# lv2
50004	582	68	555	128	5
50005	345	64	314	117	5
50006	102	64	189	100	5
50026	189	64	75	100	5
# lv3
50007	582	68	555	128	5
50008	345	64	314	117	5
50009	102	330	219	368	5
50039	219	330	75	368	5
# item dagger
60001	0	0	32	18	6
# item dagger
60002	0	0	24	20	7
# item whip_upgrade
60003	0	0	32	32	8
# ani_id	sprite1_id	time1	sprite2_id	time2	...
[ANIMATIONS]
# ==== SIMON =========
# SIMON_ANI_IDLE &  color
400	10001	100
4000	11001	100
# SIMON_ANI_WALKING
401	10001	120	10002	120	10003	120	10004	120
4010	11001	120	11002	120	11003	120	11004	120
# SIMON_ANI_JUMPING
402	10011	100
4020	11011	100
# SIMON_ANI_SITTING
403	10021	100
4030	11021	100
# SIMON_ANI_STANDING_ATTACKING 
404	10031	130	10032	130	10033	130
4040	11031	130	11032	130	11033	130
# SIMON_ANI_SITTING_ATTACKING
405	10041	130	10042	130	10043	130
4050	11041	130	11042	130	11043	130
# SIMON_ANI_EATTING
406	10051	100	10052	100	10053	100
# SIMON_ANI_GO_UP 
407	10061	100	10062	100
4070	11061	100	11062	100
# SIMON_ANI_GO_DOWN
408	10071	100	10072	100
4080	11071	100	11072	100
# SIMON_ANI_HURT
409	10081	100
4090	11081	100
# SIMON_ANI_IDLE_UP
410	10061	100
4100	11061	100
# SIMON_ANI_IDLE_DOWN
411	10071	100
4110	11071	100
# SIMON_ANI_DIE
412	10091	100	10092	100
# ==== QUESTION BRICK =========
602	20001	1000
#whip lv1 right
901	50001	130	50002	130	50003	130
#whip lv2 right
902	50004	130	50005	130	50006	130
#whip lv3 right
903	50007	130	50008	130	50009	130
#whip lv1 left
904	50001	130	50002	130	50013	130
#whip lv2 left
905	50004	130	50005	130	50026	130
#whip lv3 left
906	50007	130	50008	130	50039	130
#items 
# knife
10001	60001	100
# heart
10002	60002	100
# whip
10003	60003	100
#
#
# id	ani1	ani2	ani3
#
[ANIMATION_SETS]
# simon
1	400	401	402	403	404	405	406	407	408	409	410	411	412	4000	4010	4020	4030	4040	4050	406	4070	4080	4090	4100	4110
# QUESTION BRICK 
2	602
# whip
4	901	902	903	904	905	906
# items
5	10001	10002	10003
# weapon
6	10001
[OBJECTS]
# type	x	y	ani_set_id	extra_settings per object type
# type: 0 = Simon , 1 = Brick, 2 = Torch, 3 = Koopas
# Simon 
#type	x	y	ani_set_id	ani_whip
50	1504	242	1	4
# BRICK 
#type	x	y	ani_set_id	number_object	ngang/thẳng(0/1)
51	256	370	0	34	0
51	1344	338	0	6	0
51	1472	210	0	6	0
51	608	274	0	1	0
51	832	274	0	2	0
51	128	338	0	4	0
51	64	274	0	2	0
51	192	210	0	6	0
51	32	50	0	11	1
# --- SCENE PORTAL ----
# type	l	t	ani_set_id	r	b	scene_id/autoGo
53	1407	100	0	1430	338	5
#54	0	100	0	500	338	1