# id	file_path	transparent_color_r	g	b
[TEXTURES]
0	Map\\tileset_map5.png	255	255	255
1	textures\\simon\\simon.png	255	255	255
2	textures\\simon\\whip.png	255	0	255
3	textures\\items\\item.png	255	0	255
4	textures\\items\\weapon.png	255	0	255
6	textures\\effect\\broken.png	255	0	255
7	textures\\enemy\\enemy.png	0	128	0
-100	textures\\bbox.png	255	0	255
# map
[MAPTXT]
0	Map\\txt_map5.txt
# id	left	top	right	bottom	texture_id
[SPRITES]
## Simon
# walk
10001	180	0	240	66	1
10002	0	0	60	66	1
10003	60	0	120	66	1
10004	120	0	180	66	1
# walk - color--------------
11001	180	396	240	462	1
11002	0	396	60	462	1
11003	60	396	120	462	1
11004	120	396	180	462	1
#Jump
10011	240	7	300	55	1
#Jump - color--------------
11011	240	403	300	451	1
#Sit
10021	240	7	300	55	1
#Sit - color---------------
11021	240	403	300	451	1
#hit-stand
10031	300	66	360	132	1
10032	360	66	420	132	1	
10033	420	66	480	132	1
#hit-stand-color-----------
11031	300	462	360	528	1
11032	360	462	420	528	1	
11033	420	462	480	528	1
#hit-sit
10041	300	7	360	55	1	
10042	360	7	420	55	1	
10043	420	7	480	55	1
#hit-sit - color ----------
11041	300	403	360	451	1	
11042	360	403	420	451	1	
11043	420	403	480	451	1
#eat-item
10051	0	330	60	396	1	
10052	60	330	120	396	1	
10053	120	330	180	396	1
#up
10061	60	66	120	132	1
10062	120	66	180	132	1
#up - color---------------
11061	60	396	120	462	1
11062	120	396	180	462	1
#down
10071	180	66	240	132	1
10072	240	66	300	132	1
#down - color--------------
11071	180	396	240	462	1
11072	240	396	300	462	1
#hurt
10081	0	132	60	189	1
#hurt - color-------------
11081	0	132	60	189	1
#die
10091	0	198	60	66	1
10092	60	198	120	66	1
#attack up
10101	120	132	180	198	1
10102	180	132	240	198	1	
10103	240	132	300	198	1
#attack down
10111	300	132	360	198	1
10112	360	132	420	198	1	
10113	420	132	480	198	1
# =======static objects===========
#TORCH
30001	160	0	192	64	3
30002	192	0	224	64	3
# skate board
30003	0	0	64	16	5
# CANDLE
30004	224	0	240	32	3
30005	240	0	256	32	3
# black box 1
30006	288	96	320	128	3
# black box 2
30007	224	64	256	128	3
# brick 1 white
#30008	0	96	32	128	3
# brick 1 blue
30008	32	96	64	128	3
# brick 2 two brick
30009	192	64	224	128	3
# brick 2 one brick
30010	256	64	288	128	3
# broken brick
30011	0	0	36	23	6
#EFFECT
40001	224	32	256	64	3
40002	256	32	288	64	3
40003	288	32	320	64	3
## Whip right
# lv1
50001	585	0	555	64	2
50002	345	0	314	50	2
50003	102	0	189	32	2
50013	189	0	75	32	2
# lv2
50004	582	68	555	128	2
50005	345	64	314	117	2
50006	102	64	189	100	2
50026	189	64	75	100	2
# lv3
50007	582	68	555	128	2
50008	345	64	314	117	2
50009	102	330	219	368	2
50039	219	330	75	368	2
# item dagger
60001	32	32	64	50	3
# item heart
60002	32	0	56	20	3
# item whip_upgrade
60003	0	32	32	64	3
# item money 1
60004	64	0	96	32	3
# item money 2
60005	96	0	128	32	3
# item money 3
60006	128	0	160	32	3
# item boomerang
60007	0	64	32	96	3
# item water
60008	64	64	96	96	3
# item axe
60009	128	32	159	64	3
##weapon
# axe
70001	84	0	114	28	4
70002	114	0	144	28	4
70003	144	0	174	28	4
70004	174	0	204	28	4
# boomerang
80001	0	0	28	28	4
80002	28	0	56	28	4
80003	56	0	84	28	4
# water fire
90001	274	0	294	20	4
90002	300	0	332	30	4
90003	332	0	364	30	4
#==== Enemy
# warrior
11001	798	56	830	120	7
11002	832	56	864	120	7
11003	867	56	899	120	7
# bat black
11004	474	22	506	54	7
11005	508	22	540	54	7
11006	542	22	574	54	7
11007	576	22	608	54	7
# bird
11008	554	150	586	182	7
11009	588	150	620	182	7
11010	622	150	654	182	7
11011	656	150	688	182	7
# bone
11012	698	150	730	214	7
11013	732	150	764	214	7
11014	766	150	782	182	7
11015	784	150	816	182	7
11016	818	150	850	182	7
# boss bat
11017	114	22	146	54	7
11018	148	22	244	66	7
11019	148	68	244	116	7
# ghost fly
11020	2	150	34	182	7
11021	36	150	68	182	7
# ghost walk
11022	2	56	34	120	7
11023	36	56	68	120	7
# monkey
11024	400	150	432	182	7
11025	434	150	466	182	7
# ani_id	sprite1_id	time1	sprite2_id	time2	...
[ANIMATIONS]
# ==== SIMON =========
# SIMON_ANI_IDLE &  color
400	10001	100
4000	11001	100
# ==== SIMON =========
# SIMON_ANI_IDLE &  color
400	10001	100
4000	11001	100
# SIMON_ANI_WALKING
401	10001	120	10002	120	10003	120	10004	120
4010	11001	120	11002	120	11003	120	11004	120
# SIMON_ANI_JUMPING
402	10011	100
4020	11011	100
# SIMON_ANI_SITTING
403	10021	100
4030	11021	100
# SIMON_ANI_STANDING_ATTACKING 
404	10031	130	10032	130	10033	130
4040	11031	130	11032	130	11033	130
# SIMON_ANI_SITTING_ATTACKING
405	10041	130	10042	130	10043	130
4050	11041	130	11042	130	11043	130
# SIMON_ANI_EATTING
406	10051	100	10052	100	10053	100
# SIMON_ANI_GO_UP 
407	10061	100	10062	100
4070	11061	100	11062	100
# SIMON_ANI_GO_DOWN
408	10071	100	10072	100
4080	11071	100	11072	100
# SIMON_ANI_HURT
409	10081	100
4090	11081	100
# SIMON_ANI_IDLE_UP
410	10062	300
4100	11061	300
# SIMON_ANI_IDLE_DOWN
411	10072	100
4110	11071	100
# SIMON_ANI_ATTACK_UP
412	10101	130	10102	130	10103	130
4120	11061	300
# SIMON_ANI_ATTACK_DOWN
413	10111	130	10112	130	10113	130
4130	11071	100
# SIMON_ANI_DIE
414	10091	100	10092	100
# ======= static objects
# TORCH
701	30001	100	30002	100
# skate board
702	30003	100
# candle
703	30004	100	30005	100
# brick 1
704	30008	100
705	30006	100
# brick 2
706	30009	100
707	30010	100
708	30007	100
# TORCH - Effect
801	40001	100	40002	100	40003	100
# broken brick - effect
802	30011	100
#whip lv1 right
901	50001	130	50002	130	50003	130
#whip lv2 right
902	50004	130	50005	130	50006	130
#whip lv3 right
903	50007	130	50008	130	50009	130
#whip lv1 left
904	50001	130	50002	130	50013	130
#whip lv2 left
905	50004	130	50005	130	50026	130
#whip lv3 left
906	50007	130	50008	130	50039	130
#====== items=======
# item knife
1001	60001	100
# item heart
1002	60002	100
# item whip
1003	60003	100
# item money 1
1004	60004	100
# item money 2
1005	60005	100
# item money 3
1006	60006	100
# item boomerang
1007	60007	100
# item water
1008	60008	100
# item axe
1009	60009	100
## weapon
# weapon axe
2001	70001	100	70002	100	70003	100	70004	100
# weapon boomerang
2002	80001	100	80002	100	80003	100
# weapon water fire
2003	90001	100
2004	90002	100	90003	100
## enemy
# warrior
301	11001	100	11002	100	11003	100
# bat black
302	11004	100
303	11005	100	11006	100	11007	100
# bird
304	11008	100
305	11009	100	11010	100	11011	100
# bone
306	11012	100	11013	100
307	11013	100
308	11014	100	11015	100	11016	100
# boss bat
309	11017	100
310	11018	100	11019	100
# ghost fly
311	11020	10	11021	100
# ghost walk
312	11022	100	11023	100
# monkey
313	11024	100	11025	100
314	11025	100
#
#
# id	ani1	ani2	ani3
#
[ANIMATION_SETS]
# simon
50	400	401	402	403	404	405	406	407	408	409	410	411	412	413	414	4000	4010	4020	4030	4040	4050	406	4070	4080	4090	4100	4110
# TORCH
3	701	801
# whip
11	901	902	903	904	905	906
# items
5	1001	1002	1003	1004	1005	1006	1007	1008	1009
## weapon
# dagger
12	1001
# axe
13	2001
# boomerang
14	2002
# water fire
15	2003	2004
# bone weapon
16	308
#skate board
58	702
# candle
59	703	801
# brick 1
60	704	705
# brick 2
61	706	707	708
# broken brick
200	802
## enemy
#warrior
100	301
#bat black
101	302	303
#monkey
102	313	314
#bone
103	306	307
# ghost fly
104	311
# ghost walk
105	312
# bird
106	304	305
# boss bat
107	309	310
[OBJECTS]
# type	x	y	ani_set_id	extra_settings per object type
# grid	type: 0 = Simon , 1 = Brick, 2 = Torch, 3 = Koopas
# Simon 
# grid	type	x	y	ani	ani_whip
0	50	128	274	50	11
#0	50	300	274	50	11
# BRICK 
#grid	type	x	y	ani_	number	ngang/thẳng(0/1)
0	51	32	50	0	9	1
0	51	64	338	0	4	0
1	51	320	338	0	6	0
2	51	512	338	0	4	0
1	51	256	210	0	2	0
1	51	256	242	0	2	0
1	51	448	210	0	2	0
2	51	704	338	0	2	0
3	51	832	274	0	2	0
3	51	896	338	0	2	0
3	51	960	370	0	2	0
4	51	1024	370	0	2	0
4	51	960	242	0	2	0
4	51	1088	210	0	2	0
4	51	1216	338	0	2	0
5	51	1280	338	0	2	0
5	51	1344	306	0	2	0
5	51	1408	242	0	2	0
5	51	1472	274	0	2	0
5	51	1472	146	0	2	0
# candle
#grid	type	x	y	ani	id_item
0	59	312	146	59	7
1	59	440	274	59	7
2	59	568	274	59	7
2	59	696	274	59	7
3	59	824	210	59	7
3	59	952	306	59	7
4	59	1080	306	59	7
4	59	1208	274	59	7
4	59	1336	274	59	7
4	59	1464	178	59	7
#stair up
#grid	type	x	y	ani	r	b	nx
0	56	114	326	0	160	338	1
2	56	754	326	0	784	338	1
4	56	1246	326	0	1298	338	-1
#stair down
#grid	type	x	y	ani	r	b	nx
0	57	114	274	0	155	286	1
0	57	242	146	0	272	160	-1
3	57	818	210	0	850	222	-1
4	57	1138	198	0	1168	210	1
# zone ghost fly
#grid	type	x	y	ani	l	t	r	b	xDef	yDef
1	62	384	114	0	0	0	1000	480	314	114
# --- SCENE PORTAL ----
# grid	type	l	t	ani_set_id	r	b	scene_id	onStair	x	y	nx	ny
0	53	192	402	0	224	410	4	1	190	34	1	1
5	53	1504	178	0	1536	274	6	0	0	0	0	0
#54	0	100	0	500	338	1