# id	file_path	transparent_color_r	g	b
[TEXTURES]
0	Map\\tileset_map1.png	255	255	255
1	textures\\simon\\simon.png	255	255	255
2	textures\\simon\\whip.png	255	0	255
3	textures\\items\\item.png	255	0	255
4	textures\\items\\weapon.png	255	0	255
# map
[MAPTXT]
0	Map\\txt_map1.txt
# id	left	top	right	bottom	texture_id
[SPRITES]
## Simon
# walk
10001	180	0	240	66	1
10002	0	0	60	66	1
10003	60	0	120	66	1
10004	120	0	180	66	1
# walk - color--------------
11001	180	396	240	462	1
11002	0	396	60	462	1
11003	60	396	120	462	1
11004	120	396	180	462	1
#Jump
10011	240	7	300	55	1
#Jump - color--------------
11011	240	403	300	451	1
#Sit
10021	240	7	300	55	1
#Sit - color---------------
11021	240	403	300	451	1
#hit-stand
10031	300	66	360	132	1
10032	360	66	420	132	1	
10033	420	66	480	132	1
#hit-stand-color-----------
11031	300	462	360	528	1
11032	360	462	420	528	1	
11033	420	462	480	528	1
#hit-sit
10041	300	7	360	55	1	
10042	360	7	420	55	1	
10043	420	7	480	55	1
#hit-sit - color ----------
11041	300	403	360	451	1	
11042	360	403	420	451	1	
11043	420	403	480	451	1
#eat-item
10051	0	330	60	396	1	
10052	60	330	120	396	1	
10053	120	330	180	396	1
#up
10061	60	66	120	132	1
10062	120	66	180	132	1
#up - color---------------
11061	60	396	120	462	1
11062	120	396	180	462	1
#down
10071	180	66	240	132	1
10072	240	66	300	132	1
#down - color--------------
11071	180	396	240	462	1
11072	240	396	300	462	1
#hurt
10081	0	132	60	189	1
#hurt - color-------------
11081	0	132	60	189	1
#die
10091	0	198	60	66	1
10092	60	198	120	66	1
#attack up
10101	120	132	180	198	1
10102	180	132	240	198	1	
10103	240	132	300	198	1
#attack down
10111	300	132	360	198	1
10112	360	132	420	198	1	
10113	420	132	480	198	1
#TORCH
30001	160	0	192	64	3
30002	192	0	224	64	3
#EFFECT
40001	224	32	256	64	3
40002	256	32	288	64	3
40003	288	32	320	64	3
## Whip right
# lv1
50001	585	0	555	64	2
50002	345	0	314	50	2
50003	102	0	189	32	2
50013	189	0	75	32	2
# lv2
50004	582	68	555	128	2
50005	345	64	314	117	2
50006	102	64	189	100	2
50026	189	64	75	100	2
# lv3
50007	582	68	555	128	2
50008	345	64	314	117	2
50009	102	330	219	368	2
50039	219	330	75	368	2
# item dagger
60001	32	32	64	50	3
# item heart
60002	32	0	56	20	3
# item whip_upgrade
60003	0	32	32	64	3
# item money 1
60004	64	0	96	32	3
# item money 2
60005	96	0	128	32	3
# item money 3
60006	128	0	160	32	3
# item boomerang
60007	0	64	32	96	3
# item water
60008	64	64	96	96	3
# item axe
60009	128	32	160	64	3
##weapon
# axe
70001	84	0	114	28	4
70002	114	0	144	28	4
70003	144	0	174	28	4
70004	174	0	204	28	4
# boomerang
80001	0	0	28	28	4
80002	28	0	56	28	4
80003	56	0	84	28	4
# ani_id	sprite1_id	time1	sprite2_id	time2	...
[ANIMATIONS]
# ==== SIMON =========
# SIMON_ANI_IDLE &  color
400	10001	100
4000	11001	100
# ==== SIMON =========
# SIMON_ANI_IDLE &  color
400	10001	100
4000	11001	100
# SIMON_ANI_WALKING
401	10001	120	10002	120	10003	120	10004	120
4010	11001	120	11002	120	11003	120	11004	120
# SIMON_ANI_JUMPING
402	10011	100
4020	11011	100
# SIMON_ANI_SITTING
403	10021	100
4030	11021	100
# SIMON_ANI_STANDING_ATTACKING 
404	10031	130	10032	130	10033	130
4040	11031	130	11032	130	11033	130
# SIMON_ANI_SITTING_ATTACKING
405	10041	130	10042	130	10043	130
4050	11041	130	11042	130	11043	130
# SIMON_ANI_EATTING
406	10051	100	10052	100	10053	100
# SIMON_ANI_GO_UP 
407	10061	100	10062	100
4070	11061	100	11062	100
# SIMON_ANI_GO_DOWN
408	10071	100	10072	100
4080	11071	100	11072	100
# SIMON_ANI_HURT
409	10081	100
4090	11081	100
# SIMON_ANI_IDLE_UP
410	10062	300
4100	11061	300
# SIMON_ANI_IDLE_DOWN
411	10072	100
4110	11071	100
# SIMON_ANI_ATTACK_UP
412	10101	130	10102	130	10103	130
4120	11061	300
# SIMON_ANI_ATTACK_DOWN
413	10111	130	10112	130	10113	130
4130	11071	100
# SIMON_ANI_DIE
414	10091	100	10092	100
# TORCH
701	30001	100	30002	100
# TORCH - Effect
801	40001	100	40002	100	40003	100
#whip lv1 right
901	50001	130	50002	130	50003	130
#whip lv2 right
902	50004	130	50005	130	50006	130
#whip lv3 right
903	50007	130	50008	130	50009	130
#whip lv1 left
904	50001	130	50002	130	50013	130
#whip lv2 left
905	50004	130	50005	130	50026	130
#whip lv3 left
906	50007	130	50008	130	50039	130
#====== items=======
# item knife
1001	60001	100
# item heart
1002	60002	100
# item whip
1003	60003	100
# item money 1
1004	60004	100
# item money 2
1005	60005	100
# item money 3
1006	60006	100
# item boomerang
1007	60007	100
# item water
1008	60008	100
# item axe
1009	60009	100
## weapon
# weapon axe
2001	70001	100	70002	100	70003	100	70004	100
# weapon boomerang
2002	80001	100	80002	100	80003	100
#
#
# id	ani1	ani2	ani3
#
[ANIMATION_SETS]
# simon
1	400	401	402	403	404	405	406	407	408	409	410	411	412	413	414	4000	4010	4020	4030	4040	4050	406	4070	4080	4090	4100	4110
# TORCH
3	701	801
# whip
4	901	902	903	904	905	906
# items
5	1001	1002	1003	1004	1005	1006	1007	1008	1009
## weapon
# dagger
12	1001
# axe
13	2001
# boomerang
14	2002
[OBJECTS]
# type	x	y	ani_set_id	extra_settings per object type
# type: 0 = Simon , 1 = Brick, 2 = Torch, 3 = Koopas
# Simon 
#type	x	y	ani_set_id	ani_whip
50	0	0	1	4
# BRICK 
#type	x	y	ani_set_id	number_object	ngang/thẳng(0/1)
51	0	338	0	47	0
#Torch
#type	x	y	ani_set_id	id_item
52	180	274	3	8
52	440	274	3	2
52	690	274	3	2
52	950	274	3	1
52	1200	274	3	0

# --- hiden obejects ----
# 53 portal, 54 hiden
# type	l	t	ani_set_id	r	b	scene_id/autoGo
53	1407	100	0	1430	338	2
54	1375	100	0	1406	338